435 916 355 900 203 743 
758 867 777 481 600 446 
836 558 599 744 807 328 
594 151 472 111 631 363 
8 378 10 91 348 466 
594 783 382 301 35 938 
44 145 157 174 626 758 
620 462 668 219 558 827 
899 153 978 371 264 961 
735 624 339 745 67 39 
212 13 822 946 315 857 
236 711 2 394 237 980 
504 858 442 172 429 353 
999 681 506 329 52 122 
290 139 98 981 885 518 
20 449 531 194 395 198 
403 632 262 757 378 499 
737 882 709 531 406 491 
884 757 172 742 86 224 
216 376 364 667 709 601 
185 81 50 716 275 797 
915 30 781 177 139 159 
28 228 393 738 759 151 
581 996 908 753 90 994 
329 659 722 45 326 431 
646 863 864 48 579 491 
846 846 521 979 375 660 
491 404 888 884 494 0 
36 75 348 944 180 790 
291 509 449 13 555 127 
797 553 990 661 602 922 
153 800 768 26 779 496 
39 270 252 927 507 746 
279 895 173 627 191 353 
418 482 214 219 848 769 
699 997 323 689 10 277 
963 515 77 84 542 208 
580 581 831 832 860 690 
930 140 585 455 767 128 
160 537 963 374 109 811 
144 808 160 819 849 170 
448 813 686 525 897 580 
85 477 161 268 661 373 
958 943 513 895 398 633 
24 558 522 987 932 631 
150 428 439 310 599 289 
832 47 102 518 924 351 
450 362 180 963 630 841 
337 941 784 850 836 534 
835 212 444 358 551 728 
