73095
54488
95177
82739
49997
71169
37540
75625
6821
76529
11548
79046
62128
77037
64867
82019
63617
28321
84469
14580
55032
99557
67954
43111
36794
83331
52586
92560
66199
63005
35477
86633
57784
48263
73428
87501
82410
26524
74817
66511
13400
30202
89692
31517
28295
68420
33143
53368
86572
22532
62087
61052
58282
34399
50639
6471
51115
92240
23777
47485
71145
618
37930
47702
59392
57146
36186
86971
9237
37498
37263
58974
92878
86023
61003
56029
33529
7916
99633
9031
73621
71327
24664
49100
43140
57738
30206
39854
52111
36066
31998
7203
93730
62187
84300
45782
3180
64845
83020
4737
21755
47796
85490
91552
15987
38715
32802
79635
30267
41963
95700
95701
90126
53157
94244
65691
12434
46557
90886
60130
83851
93310
1661
16473
28786
58241
35122
89867
13799
83838
51405
16634
52398
10184
26837
22665
74223
20223
19631
97389
81265
65717
55087
37030
73700
57001
84082
15977
6894
40740
20272
88489
66384
92068
30308
20935
34924
32463
85426
84630
19892
61775
26480
35287
11163
19064
87974
63670
54118
32460
78870
51383
83710
31381
70942
37127
74464
66556
81841
68182
86530
94958
6933
19542
67771
71276
44650
3187
70591
40013
19018
46280
6260
24170
21015
44408
27368
76711
65795
84534
34210
757
81129
91620
12755
83540
22193
95755
32916
54773
84803
12130
84814
7202
54623
54887
21465
95519
53098
62122
46695
66208
50244
93918
38323
14797
74897
32882
66333
57853
16997
33539
82168
90251
87446
69237
60445
49095
50464
88048
71747
8251
81376
39201
97441
75967
94685
14404
56920
8576
70897
91144
81286
8191
17293
86419
30237
81789
41319
92704
23401
50123
96107
14941
52029
80757
86006
15336
93930
96816
97272
82334
86331
60467
66167
79235
93186
4597
83179
37654
9590
55417
79429
41285
4763
98776
58527
89503
36019
99785
36622
34926
40837
68098
92540
13973
13166
11408
37300
44784
28912
58442
66874
61858
19742
18951
33331
40303
15378
86470
29077
41586
31396
37441
8569
23526
19909
75585
83565
7299
79200
41214
54380
72920
15949
76543
73181
24953
3342
27160
17345
25140
46215
24340
12703
25740
79015
5478
57594
62366
8869
42088
61375
42613
15342
91896
4004
22864
10286
18721
46661
71414
16060
96068
46240
43403
5633
79965
85180
49132
810
31913
72398
34102
44919
15703
53029
37878
34185
90757
98146
15456
3124
54675
64677
97323
47214
9582
50230
37909
69889
74388
63232
26240
84013
28551
88129
84562
70360
83436
92120
89122
14960
44693
29275
27864
77420
45652
92139
23392
37887
40336
2523
444
68129
33016
34776
72521
86197
31924
90340
88536
93482
55288
43134
76127
20620
86301
35250
83171
55333
59621
25572
27016
49966
40615
10730
22764
6764
40281
39391
91747
15405
15029
13967
64756
92829
27161
97283
78453
76893
73852
80056
44262
94774
56859
94921
8627
66107
17327
76072
55825
87458
3016
66629
50645
56332
86626
80572
16245
91713
28044
93529
27715
64166
3612
73227
9323
48120
63864
48992
41374
98256
4456
57901
89631
60793
78008
18828
48735
78069
95895
3616
17939
3019
67968
44868
30271
29641
17373
17267
67930
95177
94830
74255
28422
86418
21004
98454
93438
84137
74860
81439
69928
33725
28731
64141
50852
83522
91021
59967
79997
62053
77816
23866
34163
73876
87325
93057
55676
66775
2910
84327
37427
76676
50137
36186
60769
11739
40868
49113
29428
84531
65251
58753
39471
99182
93822
57994
20891
42948
34539
81692
36624
87824
41003
83666
40325
98361
391
37297
48965
31
66726
25978
10514
53881
81682
10240
32057
52921
39724
71353
80264
81309
14251
63959
68234
77302
85913
17659
55012
2929
85436
86936
21904
80885
79594
20728
81993
34420
16857
2735
35862
34076
41578
47671
30599
17827
41365
65687
12746
7778
42239
32320
93323
19956
13864
15143
58788
8033
17123
15482
29943
65747
94560
81702
77450
19964
60760
2946
18655
57769
10598
61427
28574
16845
53304
20215
27521
57501
50750
34615
64859
87113
38663
21895
5806
86890
48103
85613
2293
97039
99800
91137
3597
95612
26590
24217
37221
73321
34102
20160
65229
1982
72226
37329
2707
72162
60754
39569
2176
98582
2152
29207
79898
80084
99560
64042
73523
99640
74345
83355
91142
72447
57329
64845
29121
87137
94325
72222
23595
14646
54652
63809
3781
87897
90897
13781
55292
68101
94853
5613
75483
29957
27225
88790
52961
59133
94887
28236
34601
79022
49307
71335
87008
4453
84365
66696
61502
35110
721
29027
58267
99780
56407
31370
31810
14949
48843
94553
29877
2321
48754
70007
135
41110
43483
34030
58456
78276
74434
68722
4486
9789
68108
69775
51318
47538
89341
73131
60928
32124
53425
14086
76144
34531
15520
56966
74859
35848
39314
18316
95463
39692
82405
36511
93133
84409
6519
23625
1848
82786
13342
78251
1224
37881
47844
9859
9106
98052
45151
58501
65456
86285
8064
61715
85296
42892
94627
29223
50763
24475
94069
48476
17692
44105
74371
1899
34061
35177
55734
26838
33543
57128
91947
74191
46109
13547
58939
30455
32586
29057
7420
42555
55178
69728
46429
31856
30012
65268
87310
62485
28259
62303
56590
29161
57903
59884
7882
39751
45481
25072
55114
54294
64785
47569
66180
28618
82944
9208
88047
57354
62887
83805
19439
20640
34160
3520
71960
1342
76465
9533
99831
86452
37460
43164
65333
11359
52015
97557
89057
39934
95418
54131
56892
88584
59409
90668
42859
8020
64512
57764
92441
92177
17015
78559
88136
58479
33255
75009
18001
24219
75812
79221
42486
13251
57495
35710
22544
76811
92405
64100
51945
64384
95030
17322
55872
46181
1719
92156
75064
94040
14858
38693
77696
1072
50780
76697
73442
20385
99349
18301
2764
6664
99994
81704
10086
15097
76442
21282
13041
93011
31636
67650
19019
11815
51167
91692
60493
84755
90873
93172
89710
66865
83278
8222
92223
77654
58408
63048
30709
45529
7063
64094
45717
37195
54858
61393
73376
34003
65508
84550
31694
1778
29496
67093
18625
93635
43124
65565
28135
88487
77123
45505
37284
95029
74386
66829
92007
5760
8164
50999
92589
57965
86471
64591
56937
84559
25010
93024
41230
23443
90296
92509
39666
30960
43487
51548
31263
55349
36201
74234
50543
92940
9576
21546
67741
5030
26359
10470
41436
82890
92144
69737
30731
31363
46092
64393
99708
91941
72422
94402
1467
28152
18204
450
33698
81527
81442
